622592
196609
131074
65545
557066
262159
327697
229399
589849
262170
65564
327709
884765
360476
884771
65572
491559
229415
917545
262194
622643
655418
426042
196674
32836
589894
917577
360524
589903
688210
589909
360535
327769
393306
852065
884834
163940
393317
295014
950372
491625
655465
917611
131182
884849
491640
589946
196731
196734
589953
884874
295050
819341
852109
426129
163989
721051
458915
262312
983213
175
950450
524469
590007
262341
262342
786631
131272
917705
884935
360651
524493
262351
229588
622809
196829
458984
262376
196843
819440
721140
360695
721143
98556
360709
196878
98574
721168
524565
917781
590104
327971
688421
786729
229676
721197
98608
33074
459059
753972
524599
917815
327998
319
753984
622910
655685
98630
229703
459080
590151
491848
426312
983371
885070
360788
819541
131418
196954
721248
819554
229743
721266
65909
688501
885112
688513
557447
721287
394
852364
819598
197007
295313
819608
852383
229793
33188
420
590247
65960
295342
983472
131513
164285
655806
33219
393670
65994
295376
197085
66014
754143
131552
131557
262629
623086
590319
393712
328177
360945
950773
721404
492030
492033
197123
98820
164357
852483
33292
229900
197137
557590
164375
197144
623134
950817
426537
229929
295472
361011
950836
852532
918069
361018
492092
393791
754248
393809
594
852561
983638
950872
393820
787036
918108
33375
164448
459365
885351
655987
164471
492159
66188
295565
66190
787086
393871
328337
295570
328341
295576
492187
98972
918174
98976
33441
918177
197288
393898
852653
950958
98993
590514
721587
688820
164532
694
918201
492218
230076
230077
328380
754381
426709
557783
885465
393949
819934
197352
492268
688885
99062
918262
721661
557826
623365
787207
852745
459536
426770
492307
656157
66335
951078
328487
328491
328493
426802
230197
557877
426807
33594
829
459582
754497
361284
754503
164682
623437
688976
262993
262996
854
557913
623450
983903
492386
426856
66414
426866
164735
918402
903
426889
590729
492427
525200
99220
459670
230295
590745
33694
295838
525216
525224
754601
754604
164783
946
426941
99262
66495
623550
918465
689090
525254
558027
492498
984019
590805
66520
164827
132065
361448
361449
754668
754669
656364
426996
394233
33789
623616
852993
230402
984072
590857
558093
1038
820244
623636
525332
590890
394284
99373
230457
427067
853054
623680
885826
263234
885828
951362
66628
820293
492619
558156
558155
427088
197712
558165
361566
296030
590944
197728
492641
820320
853100
656500
689274
459902
33921
459907
754827
328844
230541
885902
558223
33931
623761
525458
132242
754840
623770
754846
787619
361636
591013
525481
853163
1198
99503
66739
591028
33974
820417
459982
918734
689359
754901
656599
34008
591072
951524
689385
132330
820462
34030
591091
689397
361721
230652
591104
66817
460033
197891
525572
787717
623873
918793
558346
99594
1292
689429
263446
1302
296222
754976
984353
591139
656685
197936
99633
623920
165172
787764
165179
263490
525635
492866
853318
263496
230731
460110
755022
918869
263514
656731
787804
230749
296283
296284
427359
460131
918885
591207
427378
1396
755062
361852
230781
34173
656777
886153
460170
558475
230806
755096
99741
99742
624038
492967
951721
951727
525743
558518
427447
460220
460224
263616
198087
755147
984525
394703
591312
67026
165331
918997
689624
919004
558560
591330
394727
886251
99819
919019
427503
951795
394742
951811
165384
230922
493066
984587
198158
394776
886299
165405
558626
755239
656936
132649
951853
165427
853557
198199
951866
624187
67138
1605
296521
722513
984660
984675
558700
951920
165489
99956
853624
99964
657024
263810
99970
558728
362122
198285
886414
788111
34449
165525
853660
558752
296617
231081
919213
100024
952001
394947
919237
231111
493256
394955
263884
67277
558802
591571
558804
755411
853715
919257
853721
886491
526047
624351
624353
493282
67300
34534
100071
198380
394989
1775
427759
132850
263923
657144
263930
198396
755464
821004
263958
722712
34588
919324
296736
165668
132905
198441
526125
296750
984882
591668
919349
526144
198464
657219
493379
919367
67402
493388
362317
886607
624464
690001
67407
67410
919380
722776
100185
886618
526171
100188
657245
821088
984932
558951
558956
132978
886647
165752
886651
460668
657280
853895
493450
264076
526221
919441
788378
657310
67487
67494
919464
264105
329646
1968
1969
1976
231356
722877
886719
34751
165824
165826
952262
460749
657363
460755
296919
165847
657371
919517
624613
198633
854004
65534
690169
67589
100358
428045
886802
493587
657432
329752
329766
329768
2095
788531
133172
67642
526396
231484
329795
624709
854088
985163
886860
231499
919629
428118
854104
2141
919650
559204
395368
460909
231535
591986
723059
886902
133238
460919
591999
100483
985219
198788
526477
690318
264334
657553
559250
297112
755870
624800
428192
919718
166057
788651
34992
854193
723124
67767
657597
231620
460997
428230
460999
919750
559305
886990
428239
886997
493785
428253
297181
559326
2277
100583
100584
264425
788721
952569
592122
821499
100603
461069
952592
985361
166164
133399
592161
624930
723241
919851
788785
559413
952630
887099
559422
624967
35144
919881
166224
297299
919893
821597
461150
723296
952674
297316
166245
559460
67945
100717
756083
690548
723315
657782
985467
67968
854408
887180
625039
526735
723350
100773
887207
821684
231861
100795
330171
887231
559552
395718
952779
461261
231885
35284
821718
494042
199133
133602
231907
199139
657895
887272
920043
264684
494067
657913
494073
231933
264702
690686
985597
363009
494082
526847
821773
395790
199186
821780
756251
264734
166431
395808
821798
985639
494120
756266
723503
264753
494132
723509
428600
821817
2623
330304
920133
395848
625226
723538
658003
297556
2646
920156
559710
821858
330341
756325
756328
592495
526962
232056
920184
723578
461442
166534
330375
920206
690832
2705
920212
985751
199320
232092
756384
952992
330403
723620
2725
363176
101032
35499
625327
658099
68276
723636
2744
953020
2758
690886
592583
133833
494283
363218
592597
985815
887515
658140
494302
985823
166624
2784
592608
199392
363244
559853
2800
2802
461557
887544
101113
592633
2811
264956
592637
789243
330495
625407
2821
232203
330510
35599
494353
822035
428821
658198
887574
887573
428832
789283
166693
756519
2855
265001
166699
232238
690993
822073
559930
691012
232267
494415
592719
396115
494420
756571
2913
559973
953192
101225
35696
363376
166774
363384
756611
68484
920455
953225
789387
494475
822159
134033
363411
723869
887709
691105
723874
68516
920486
592807
920490
199595
101292
330669
494511
658360
723896
920509
854980
592839
101319
920522
134093
887758
166867
101333
658391
134105
461787
134108
461788
461790
527328
953315
134115
986088
494574
396273
691191
68602
822275
35844
429061
986116
232460
429077
298006
134178
330792
199723
396332
429105
68662
199735
68666
789565
68670
494655
724047
265301
101463
822359
953435
724064
560226
363620
134257
756850
887924
527481
35963
101500
756862
330879
658562
593032
101512
3211
429205
429206
625818
953499
822427
429213
822436
822438
527534
134326
691386
265404
691390
887999
953535
232647
330956
3278
298193
199896
625880
494814
134373
396518
396519
625898
101614
462062
232688
822513
363765
134390
167158
68858
331008
68865
527618
363779
232709
134406
265490
560404
560415
888097
691492
658726
363816
986413
560430
494893
757039
527672
757050
3387
724286
560465
462162
462165
200021
888149
789850
986460
494942
331111
3433
724331
658796
560497
822643
560507
724348
298372
101767
593288
331145
822668
691597
429457
855448
822683
626082
986532
593322
626093
232877
232880
69042
953783
101820
36284
331196
691645
36288
921028
626118
232903
789965
560590
560592
986578
363988
986583
757213
134622
265696
134627
396781
888304
429557
232954
429562
790014
855552
298496
855556
232965
265732
757256
364041
134665
495119
495121
462363
724510
724514
69155
888360
3624
298538
626221
658989
495153
101938
855610
265788
659010
921155
331330
200261
724549
724554
626255
921173
888408
527963
527966
888415
3679
462440
3689
265832
691819
462444
69230
331374
921209
331388
167554
69250
757381
396935
462474
396939
822929
659091
298648
134817
888483
790182
593575
757414
233136
888497
659127
331455
265920
429759
36549
3781
134853
986823
462536
757455
560849
102099
331477
528086
528093
429790
200422
855791
462580
331509
462582
462583
364280
429813
233208
757506
986883
528133
691974
560902
986888
429831
200461
397070
724756
921369
560926
986910
397089
724772
36646
429864
167722
102187
921392
298801
495410
823092
3893
200502
921402
560954
626490
921407
593736
495435
331597
36685
266064
364369
921430
429912
692062
954212
200549
888677
659302
462699
69488
495472
331634
69493
462709
462714
987004
790397
69508
921478
298890
626578
987030
593817
528282
69531
495516
495520
790436
888742
823206
659373
266157
462767
298928
430001
593844
167863
790456
495545
823226
626631
266187
364492
823248
561107
135124
135127
495575
659423
298980
233445
659429
921575
692204
102380
397294
167921
233462
659446
36860
626692
364550
397318
200714
200715
430092
725012
954394
692254
69666
233510
36903
856109
102446
659504
331828
36916
462904
954434
987202
4165
593992
36941
888912
528469
495701
102491
626783
594018
954471
528489
528490
692331
462954
692337
856178
69747
856179
331894
36984
954491
954499
200840
397451
790670
790674
659609
725151
266399
102561
233640
266408
921773
921774
463025
790708
37047
987320
69817
364730
692410
397508
69831
463049
233679
561362
364759
266456
299229
102627
626916
102634
364779
37104
626933
987382
856309
790774
200952
364800
594178
823554
758021
692486
790791
626952
135433
692494
561424
659729
332050
823571
758042
430365
168222
233758
332068
889125
790820
135461
889131
561461
987448
299320
921924
987462
69958
397640
987465
168262
987467
790867
69973
135510
168291
758118
69991
168294
266609
954739
659828
233852
594303
102783
856454
987528
528776
37265
889239
528801
627106
201124
954788
168358
299431
725414
594346
201135
37302
561591
528824
496055
299450
135610
922038
659900
725433
463295
168384
856505
266694
823750
332230
397774
496079
790992
102869
299481
332252
692705
397794
299492
463334
692712
430569
135659
70126
102899
692724
102903
889336
692729
856568
70139
922104
758270
266752
102915
627205
692744
758282
70155
233997
496143
299541
135702
528920
70169
725530
496158
758302
299564
37426
397891
758341
299594
692811
791114
758352
692822
954970
365150
660065
168547
987751
234091
201324
70256
692853
725621
987769
987773
103039
987779
529029
627338
627344
168598
791193
987806
332446
168608
201383
955047
889514
70318
758446
529075
463540
430782
627409
692946
856788
922325
856791
4823
561881
922332
332511
430820
987878
430823
103147
987886
856821
955128
922361
889595
627454
37631
201471
234241
561920
168706
987913
103178
693004
267023
529168
135953
234260
758548
955164
856864
987937
856872
987945
430888
365355
725804
103214
267060
365364
693048
135995
627516
987965
430910
529220
136004
987976
4937
136011
332620
168783
365394
201555
299868
201570
136035
693096
136043
922476
660339
562036
594806
365431
725882
988026
693117
660353
4994
955273
955278
103310
889748
889751
496536
431006
332707
594852
889765
136106
70573
922542
463791
168880
234417
5042
758706
299952
791474
365490
168887
791472
594874
103355
693186
627658
463818
136141
5070
496592
496593
889810
627666
693206
955352
103395
365544
725993
562158
332784
693239
955383
627705
693243
5117
562174
365568
889857
562177
693248
922631
5127
955405
529428
431124
988186
365594
70684
693277
267293
824349
332831
627752
791594
562218
431151
955441
234546
955452
37952
693312
857156
169029
889926
889931
758860
758862
234575
332880
37969
300117
5207
300119
824412
627804
169052
103518
791648
529509
889957
431212
660591
70768
5233
857202
136309
791670
431223
758907
70785
889988
201861
234632
791691
627852
300185
201885
693408
890019
562341
922801
857270
562360
201913
627898
201914
758970
365759
988353
169157
332997
693446
103638
169179
136412
398561
103649
496867
300262
398567
398568
365800
857329
529652
136438
300284
562432
5378
988421
562440
38153
103688
5387
267533
955663
38163
824597
955681
824611
628006
628007
693548
562483
365878
857400
791869
398654
496961
431430
365909
202070
71006
333153
562531
660840
628077
824690
464243
431475
595319
595330
988550
759178
365968
497048
71065
169369
365983
857506
529827
628133
824742
71085
497070
333236
71095
136631
234942
857538
300484
431557
660937
759244
824785
529884
398818
38376
660970
726511
71157
398841
5628
71169
235013
71174
136711
759302
38410
857613
759313
529938
628241
693783
169498
300571
988700
923171
267814
398896
824881
628275
726582
693815
103993
824891
857660
792124
562750
5695
529985
398917
300617
890445
824912
202323
104021
693848
136792
562779
988765
71264
300644
333414
628330
333419
923244
398958
726639
890484
956026
530042
857729
956033
661126
267912
792200
661130
824971
988808
923273
530061
792208
988823
399003
104099
104102
333479
825001
562859
923316
825015
988857
923325
38594
5833
202442
792267
497356
104143
5839
825042
530131
726740
661207
366297
530144
268004
399078
497391
825072
825083
235264
104194
38661
5895
562957
399117
759568
628499
431893
202518
988952
726810
268059
628507
300833
169767
595751
333621
628534
333622
300856
268089
333625
431931
792379
694075
825149
104258
366405
366407
5960
366408
661323
923468
890700
104271
923475
104279
694106
366426
169820
857948
38754
464743
202609
169844
792438
694137
38783
890752
464769
464773
38794
563083
104333
38798
137105
235413
989084
38813
268190
399260
989088
104353
563110
694188
858028
694190
268204
792497
989106
399284
497589
726967
956359
497609
989131
169936
202704
792530
530407
694249
595947
497652
432117
628725
169974
6136
71674
268287
825351
563209
169997
759824
858141
399391
759845
301096
104493
235567
399415
301112
661562
792637
170049
464968
858186
792650
170062
202832
301136
333920
530531
497764
333928
989294
628848
104560
465010
202865
6263
268409
563323
39035
104571
989309
661630
596097
661637
268423
268424
628873
465034
923787
497807
268436
333973
465046
923802
137374
301223
727209
792753
366775
923836
104636
235710
891070
891074
202947
432325
432330
235723
989390
825551
6354
137433
727258
530650
989404
661722
268510
858334
989412
956646
39147
399597
891119
202997
825590
39164
563456
170243
170246
923920
825618
268574
825636
334117
203048
858411
727340
923954
235829
530743
301369
399674
497979
923962
956740
923974
334155
563536
366929
268628
858453
366940
399711
891232
989538
268645
596326
989547
530796
39279
792945
6516
6518
399735
760184
39294
104831
301440
661892
137605
989584
530841
137626
956827
858524
563612
235934
563613
596386
137634
530852
661925
727463
629166
137646
727472
104881
989625
530879
825800
432585
793045
825813
727513
629209
268770
596455
891368
924137
6633
498154
956905
39405
170481
563705
629243
72195
629252
530947
956942
989716
334358
727575
399896
662043
563739
563740
858651
203299
236072
170541
432699
858690
891460
432711
105037
498261
891514
662140
629379
727692
858764
531086
891546
105115
924318
662177
203426
531113
924330
826030
924335
334511
203446
6840
826044
334529
826052
137926
957131
105164
858829
301771
432847
39645
727777
432870
170730
793323
924396
629488
465650
72435
957177
760570
301827
498437
957199
662290
6931
498458
105243
858911
170784
662303
6952
465704
39723
400173
990002
39733
465717
39734
695098
695103
236351
236357
531273
858954
39757
6991
400209
269148
236384
203623
367464
105327
793461
170869
596856
334712
269179
498559
465791
334729
170889
891787
760721
203665
760722
138133
990103
596890
465819
39836
990112
727972
826277
596903
39854
891823
433076
367543
170936
105400
334778
138177
170946
629697
7112
990159
826322
105427
138210
662502
138228
334838
367620
171016
793615
662544
334867
793620
891926
39958
269337
990234
465947
498713
367648
760865
367654
859179
367672
760895
269377
400452
302151
498759
334920
957517
760909
171095
662618
957532
171105
138340
597092
859246
728175
433264
760947
662646
728183
269434
302204
105598
859265
990341
760967
400528
40089
597152
597153
597154
40099
7334
335016
597163
498862
826554
924862
597187
629956
433348
236742
498887
105672
7367
269512
466125
695501
367821
171216
957652
203989
597206
695509
105693
629982
466143
728288
204002
892139
957678
171254
924918
859386
498941
990462
924926
335107
761094
990475
171277
7460
990500
924967
40236
793909
466230
302390
73014
302397
695620
695623
302411
793938
433493
925014
695638
171353
367966
138596
695653
499050
269682
400755
662900
302457
73083
859517
630149
597384
171400
7562
7569
564628
105880
499099
105885
892317
597414
368040
826793
564654
630191
957870
531889
7605
335286
335287
892342
466361
105911
728508
335295
7616
236994
171460
466372
662994
269778
957908
531924
925145
335321
204263
826871
925177
957948
466435
794119
204297
269840
925200
106002
466449
826906
106013
695838
40478
630305
663075
269861
826919
302635
859695
302639
892465
958002
138802
990770
237113
499276
171597
958032
138834
237152
532064
564840
204395
7788
892523
40559
958066
7794
138872
597624
892538
827000
335480
564861
925310
138885
925319
73352
106121
106124
499353
958117
171689
564909
106158
335534
859821
335535
171698
761527
663231
794317
990934
663255
859865
663266
859875
827107
859876
663270
270054
335598
663279
859888
532210
663283
728822
171769
302842
499451
40702
466686
990980
597768
597776
827154
73498
532251
597792
532259
565035
728885
859958
630583
204604
794428
991038
565056
630593
8002
859971
139076
565067
139086
597848
827228
368478
171873
597861
663398
532325
630629
335724
597869
171899
270203
106364
892803
335748
434054
434056
630677
40862
466848
597929
401327
368560
303035
958401
40901
171975
270281
860107
106446
729041
958422
729054
73695
663520
8165
172007
303082
499691
958445
565230
73710
532464
270320
663539
401400
303098
991229
466942
860163
860167
106519
925720
892953
204823
892952
73758
696362
368684
958508
958517
106552
139323
630862
8271
73808
73812
172121
467034
73822
270431
925791
270432
663650
139359
499825
860278
729209
860282
696445
958597
991377
139411
499860
8342
336024
565403
630947
794793
106666
893097
106674
860339
893113
401597
729281
270540
893134
958671
729301
139478
434393
925918
8415
565474
893156
893158
631022
401651
762101
467189
336117
401655
696570
303354
794878
368895
499968
336135
270599
794889
827659
401679
205074
958739
729364
631064
139545
729370
237852
958751
925987
598308
500009
500014
74042
41276
434498
205128
303433
434508
631118
368981
696663
8535
270683
205147
762205
729447
827751
434536
303476
336246
696695
991608
532854
631168
369025
598402
8591
631186
729491
41362
795030
303511
696728
860570
336289
205218
401825
893346
827814
532903
237990
205224
139690
270763
795052
205232
467381
172471
74172
631229
926143
729537
827842
795076
860613
106950
500169
74187
598478
958927
139728
336340
41428
991702
827862
729556
926170
303580
795106
762341
74215
795113
926191
172528
860665
860666
270843
958973
893438
74239
926211
795141
336390
238087
336398
631316
664085
205333
533018
991774
991776
238114
598565
8742
303658
500269
893494
205367
827964
336445
729663
238143
467529
959050
533068
565837
270927
598612
434772
74328
762457
41563
533085
303711
762470
533097
8810
991858
369267
172659
270972
729727
402047
991880
41609
828045
500371
500375
402075
795296
467616
238244
959141
172714
926382
533167
205488
762542
107186
271038
238271
74432
697027
795340
991956
697050
8924
467678
795363
467685
991975
860905
107246
926455
533242
828158
369412
926470
992010
41740
795404
729877
172825
828187
697116
205603
828197
860967
271144
467755
795436
107309
238383
74546
41779
959285
107318
926524
271174
238407
9032
369480
762698
435017
238415
369487
992081
402258
369493
271192
172895
926564
238444
697200
107378
369524
107385
238458
664443
992124
697229
172947
107412
304023
205721
402332
861085
369569
107426
140197
664489
336811
9132
435117
566190
795567
795563
41902
369591
467900
271295
140228
500677
861125
369614
435155
140246
107483
9180
238558
697312
697314
861158
205803
893936
74744
599041
533507
9219
369669
74764
992270
828440
730146
926758
795688
173105
894008
74811
894011
992319
205888
271425
336963
74826
599116
173135
894032
533588
795736
664674
992356
828518
926823
894058
74867
730234
926844
468095
894084
992388
664717
402575
533651
631957
402582
337047
926872
959639
140442
140441
861341
107683
74917
533670
566439
304296
599215
435375
730297
664764
369858
140483
599237
206025
894154
795853
959694
894162
42196
74966
173278
468192
271590
500970
107756
74988
795887
599280
730356
894200
533753
271608
337149
599301
926985
304395
795919
468244
894233
632092
9502
828703
75039
435491
927011
337200
533809
304438
75065
632124
894273
959813
533834
894286
337239
697696
9571
304487
927080
927079
107884
730476
501103
632178
566642
402808
238969
730496
763267
107912
730506
468366
664974
337302
959895
501144
566681
9626
927133
664991
468387
435620
828839
173480
271786
402862
271790
402868
173493
959925
730554
501179
730558
828870
501190
370121
402891
763340
599501
337356
533973
173529
304603
632283
402912
9698
828900
533989
42471
927207
566763
206324
402937
271867
534016
763397
894471
861704
42504
861711
206352
730642
206357
206358
75287
534041
730650
468508
697887
796191
402975
370210
730658
501279
730655
796199
75310
108078
828976
861744
665138
402997
665142
501305
42563
173636
337479
894535
140876
632397
665168
271953
140885
501339
632414
566880
763488
992867
927332
501348
108134
337514
697966
534128
632433
697978
829051
304764
9853
403068
665218
894595
403082
796303
861839
9871
108178
730770
304790
206490
698011
42655
861858
665251
566952
75434
403123
501427
730807
272063
829122
9931
632534
173787
567005
42725
829157
698088
861928
501487
960240
993010
763638
796407
698105
796414
435971
927492
665350
173831
960264
763658
665357
960271
534289
730900
75543
75547
239395
141094
75561
108331
665391
599859
75572
534326
173883
10046
206654
763712
993088
403268
173894
272203
993105
337746
436049
206679
599895
304986
829275
894814
337758
370528
567141
665447
927597
894831
337780
403316
108407
305016
305022
42879
436096
272255
501638
42890
403340
272269
731021
403344
10130
599956
173975
403357
632736
305057
731046
534448
567223
534455
567230
141247
960449
698309
829388
42957
600014
174032
665558
567254
763865
337887
305120
567269
174054
763879
731120
42998
370678
567286
993277
796672
665600
403462
141325
698382
796690
763924
763925
403479
862232
731164
567324
698397
469020
403488
108578
895016
567337
600106
796712
731178
108590
239684
534597
272461
337999
370775
338008
960600
895064
731233
501859
108645
600167
862312
600171
665707
534640
632945
796787
272499
632951
927872
534656
895107
534659
501891
469124
436359
862352
796821
698528
436387
665767
501930
927915
469177
305343
567488
501960
305354
141516
764110
43220
731349
75990
338137
927963
927968
600289
993507
600294
207081
600298
829674
370927
665842
829682
698611
698621
370942
567551
239871
141571
403717
239881
665866
633099
502031
272657
403730
895251
370963
403729
764182
338210
436517
829738
305451
207147
633134
600373
764215
928055
141634
174403
403780
665927
174411
764236
338254
305497
502114
43365
960869
567653
403816
698728
272743
141675
600426
600425
403826
239988
43387
502141
272774
829830
272776
141710
764304
272785
174484
240025
862619
436641
633251
829861
797093
731560
829869
731572
502196
993722
305595
895419
666045
469435
338372
240075
305619
502231
43483
174556
567773
502239
993762
109036
272885
797182
600575
666111
272897
895490
174594
698886
109063
174605
109073
666133
371221
797207
961052
797216
469537
502307
10793
797227
76334
633391
961072
272946
76342
338488
338492
600637
993852
469574
338503
633420
961100
305746
830037
698967
928350
43614
10849
10858
961131
273015
436855
469629
502405
666246
633477
305804
76434
895635
961173
731799
666265
273057
273065
207529
338602
43691
764590
174767
830128
338608
109234
862900
993975
43703
567992
699067
993984
764612
961234
10963
469719
240344
699101
895709
928483
862956
731885
862960
109302
862969
535293
142078
633598
797442
43782
43783
11017
568075
502547
437015
273180
109342
404255
109347
469796
338726
502573
764718
600884
404278
11064
76600
174909
928573
305985
994124
338765
404303
240475
764763
600929
11106
109412
797551
273266
469875
207734
502646
568185
469881
207742
535426
895879
338824
535433
961421
338829
797589
207771
666524
961437
928669
830375
338858
371627
437179
43965
371648
797636
961478
306124
797645
699344
338897
437206
437212
928738
764902
437227
601069
764910
273405
306180
76804
633860
568327
502793
273424
928788
666650
470043
175133
240670
207902
76833
961574
568360
601143
732224
633922
732229
928839
306248
339030
240733
535651
11365
994409
109674
44139
765039
142448
240754
994418
666741
339070
109707
240784
437398
109718
273560
339098
699546
863395
896164
535720
830632
961705
928948
634039
470201
535742
175297
175298
634055
339144
830668
371918
699600
404700
404704
44260
175338
77037
961774
371955
830708
240885
503031
175355
470275
273667
634118
437510
961812
634132
109848
535834
863515
929050
175391
77091
273707
863537
863538
339251
175422
44351
634179
961865
634186
699727
568656
142673
666968
109914
44380
961885
503145
994666
929131
634229
273793
601474
44419
568708
470406
798088
535949
568719
437649
175508
634261
667029
961946
11676
961953
667042
601507
503201
765353
175532
273837
241071
568754
503222
208311
568767
142787
634309
798151
765386
601547
175565
241105
241106
765397
404952
372186
110042
765413
306665
339436
208365
339441
404986
929279
732672
142849
77315
208387
470545
863764
536094
470558
241186
339493
372262
896553
437804
175667
863796
273973
241210
667198
306753
962113
110147
601668
142918
929350
273990
798278
601675
962126
536144
470614
175705
601692
110172
732767
896608
44641
929381
863849
208497
929393
437876
110201
110203
437884
765569
896642
77444
896647
568972
601741
765588
601752
470683
863902
110245
896678
437929
929449
241334
634551
77498
208572
929474
11971
995012
241349
667331
634574
732883
44756
929491
405206
962262
208600
143066
77530
962272
732897
929504
437987
601833
143081
274156
995053
110317
962291
77558
536312
339706
175868
798461
44799
667391
765698
896774
962311
274187
110350
732944
700177
700179
896788
405269
241431
634652
372513
470817
241455
864057
601921
569155
241480
929609
962377
569169
765784
44891
208732
896861
438108
896863
995163
77665
962399
503654
765806
831353
372613
601990
143239
995207
438159
77712
798609
962450
798611
733076
241559
995226
274331
307100
733089
470953
77740
438190
962480
208820
896956
307136
700360
405454
765903
602072
45017
929758
274399
765920
405481
929770
667625
176110
897009
962546
274433
45058
962564
897031
405518
405521
995346
307219
995353
12317
143392
176161
471078
667688
471084
831536
241713
45106
176198
471116
733260
962638
176208
831573
897110
176216
962648
405596
700516
700518
536684
340079
700531
438389
143479
536703
241792
798850
340101
864390
176269
176271
602256
405652
700570
569499
143516
503966
635040
733351
77994
372908
274610
274613
995510
635063
438456
274622
766147
700611
45253
995527
45257
995531
78031
340177
504030
209121
864483
438500
667877
176357
372967
864491
733420
471279
766193
700659
962804
569601
45320
962825
635154
962834
110870
45339
471323
78111
209184
78116
340260
799018
110890
766252
930094
635188
373044
504118
471359
405832
831817
897354
766286
504148
733525
209243
635231
831839
209250
405862
864616
405870
766319
766325
209274
700794
373116
110978
668038
569736
635282
700818
143762
12697
471452
799140
766377
373165
569774
45485
45488
668081
930225
700846
733622
831927
930231
307645
438731
307663
12757
963031
438745
111067
799197
373214
143848
307693
242159
373233
831989
307706
831998
700935
766483
78362
78365
340509
963104
340512
438824
373288
963117
635438
799280
143922
930360
733760
176711
373320
307791
209491
766549
766551
864855
930398
602719
504416
78440
275049
995949
504430
176750
242291
209528
963195
275067
340607
340609
373382
275080
963211
438923
733837
307851
570014
406175
635553
897700
930470
12974
930482
864947
438964
307894
275131
864958
45763
438979
307907
570054
668359
176838
438980
275146
570059
111309
307917
996047
733904
471767
570072
897753
373468
439004
668382
176864
78563
340710
176874
504555
111342
635633
537331
865017
406266
406267
799485
111361
176903
307976
570124
78608
602896
13076
406295
537369
897820
504605
537378
865065
963371
471854
799538
504627
209716
865080
635706
701243
373563
78657
340802
570187
766796
799565
242511
963407
570193
209750
766807
766811
308059
504669
963419
340834
209767
734059
439149
209778
177011
897910
471927
570235
13180
766852
340870
406407
570249
897932
406419
111514
701343
177057
242594
799668
930743
734138
373691
275393
275399
832460
603084
242644
668632
570329
439259
78814
275422
898016
406498
144354
275432
635881
898027
308207
766961
963571
472053
144382
635903
373759
46078
799752
209932
406549
144406
242711
734236
144413
242723
144425
898089
996395
275497
570416
144442
242746
439356
603196
865342
177215
209990
635974
504905
373835
635980
373837
242766
144462
13390
78930
865364
504917
373847
78956
144494
472179
865401
275579
144516
144521
570511
636047
570515
144537
930972
898207
472223
308390
341163
996524
963759
996528
111794
537781
537783
668857
79033
963770
799934
13503
341186
177346
373962
111822
505042
242898
308437
341208
177372
865509
472298
406769
275700
341236
603382
177399
406777
472314
832763
767236
767241
668945
570643
374043
767259
767262
505121
636199
668967
734506
996651
210220
636205
865590
832824
472377
537928
406862
636238
406864
46417
439636
898390
570714
832861
570721
46437
374118
832874
374123
505194
832877
931186
931189
636281
13695
275839
308609
406915
963978
898443
374157
341393
341399
931223
341401
669082
636317
275870
538017
275874
570787
144801
767400
13748
636347
964028
669118
603585
13765
800198
767434
13780
701911
767448
275932
79324
177630
144865
144867
46566
603622
570856
996845
341486
833008
505329
275953
439803
112124
79357
701950
439806
13824
79361
800256
341503
79368
275979
243212
996879
931345
112147
898580
734739
79390
407073
505379
898596
472620
538160
177712
865847
144951
669246
13891
144965
931397
439878
144972
800336
931410
702037
603734
734806
931415
243289
144988
407138
636514
144996
46693
898661
374373
898665
308842
79467
210540
931435
210539
79471
734834
472691
46708
472697
767614
472706
702084
177799
177804
341644
439950
964241
407189
636568
46746
571035
374430
538270
603816
538280
669353
210606
964273
800437
276169
734925
833233
112340
734939
734941
734942
866023
46825
931564
276204
210670
46830
112368
472812
210679
767738
538364
767743
112385
308999
112392
472858
997153
407330
571171
997161
14123
407340
997171
14134
603962
440124
538429
767811
79684
636746
866126
571216
997210
964444
210781
898911
735075
702310
46952
341864
538476
309100
472940
145265
538482
145266
505715
964465
702328
964475
46974
46980
800651
210829
997266
276375
374692
767908
243622
178088
473012
702394
636864
669633
145348
145352
276429
735185
505810
931794
407509
505813
538583
702424
341979
931804
407526
866280
702440
735210
997361
538612
342009
735231
276480
47106
407561
538633
899085
702481
47121
79892
538646
702489
178202
997403
571420
440352
276515
505894
604198
964653
112685
899121
866356
210999
440381
702526
735298
931906
276548
112709
440391
178247
342089
47180
145493
931926
571479
997462
604249
47192
899163
14428
768093
669790
145503
538715
79960
342106
964709
899174
112743
964711
276585
112745
473196
407670
505974
833660
899202
735367
899222
276634
669856
506026
440491
833708
538803
538807
178362
211130
866493
899267
407749
178376
80076
833742
145614
473299
80084
243929
604379
473309
211167
768224
473313
375010
964836
80104
342251
309490
932083
276724
669946
866558
473345
702722
768269
637202
407827
997654
276758
211222
669977
801050
768290
669986
309541
768295
178472
309552
997685
80182
768311
670028
440657
670037
571737
899417
14681
964956
801126
178535
670064
407920
997746
997750
637305
375170
801159
604552
14730
113035
14733
342418
47507
866710
801178
211354
768412
833949
145826
506275
80298
702894
604597
571832
899515
506310
145865
735695
342484
637399
375263
702946
473571
309737
637425
342516
932341
670198
899580
539132
670207
440832
768515
637443
113157
670213
211466
342541
473618
145939
997910
178711
473625
866843
965167
440884
440888
899641
571963
113214
571977
506441
14927
866895
375377
440915
604758
440924
440926
309858
473699
211557
80500
244341
211575
604794
539259
768636
375418
47743
309888
211588
866956
834189
768656
473745
932500
47765
178845
899742
211616
244394
801456
113332
506554
211644
604861
80574
178880
15047
244423
408265
277197
375504
244435
80600
965338
47835
309980
867038
932575
867041
637666
408289
670436
375524
473835
572149
80634
342782
211713
277250
539402
244497
441106
375571
703252
146196
80662
834326
277268
47891
244504
113440
277289
375594
211756
47919
15153
342844
965438
408384
473921
342851
244550
179014
244555
965453
47951
736083
408403
310104
179045
899945
80755
768887
506745
506746
277374
670591
408446
637826
834441
768907
244621
834445
539535
834448
605072
867218
932757
539542
867223
506775
211861
474008
736153
244643
80805
408486
703403
965549
670641
703410
801716
244661
244662
179133
768959
146369
342981
670662
900041
736208
572371
277461
768981
179159
900059
703457
801763
343013
539631
15343
998395
211963
80896
900102
506887
441352
932875
867339
48139
965648
244753
474131
867356
736287
506915
408620
670768
80945
277552
179256
179258
506939
441404
605245
146494
539730
506967
801880
244825
212055
48219
375900
343136
146528
801890
441446
506985
670825
801897
572534
801911
244856
146556
900223
474244
408708
179335
605325
801936
441489
179346
277654
801944
736412
212125
998559
801957
474280
736427
703666
146618
15548
736449
539846
670918
965834
867532
146639
179419
802012
900318
605408
474337
834785
277733
965871
212211
933110
343287
146680
441592
277751
376061
867586
343300
212233
572688
474384
998677
245014
572694
572697
277787
212252
212253
834847
867618
146724
245033
998700
769327
671025
408881
867637
474423
245053
408893
441663
802112
48449
310594
474430
671046
867656
834889
834894
474448
638289
441683
572764
965980
965984
343393
343392
834918
933225
736626
474483
572792
146819
507274
605582
867727
802192
376221
998819
572837
703913
867762
15794
81335
179641
277948
48573
343486
343490
48582
540104
736714
179664
605650
277977
48604
277981
671198
671202
310754
212454
998888
572907
540142
507375
966130
343541
343563
572940
212494
638480
900626
671251
736793
802331
802332
933403
114206
212516
835113
900650
540204
671277
474671
409137
671284
998977
802379
638543
671315
507480
48730
507483
441951
441954
704100
933476
343654
867944
933482
278126
507503
835185
736885
81534
114303
278144
999040
933504
179843
376460
605836
212622
245395
409237
769686
442009
507547
343711
769696
343713
999082
933547
540330
704173
835254
474807
900792
671427
966344
310990
900817
16082
310995
671447
638684
573151
311008
311012
81639
802536
540392
835307
409323
900846
900847
48879
933622
311031
671481
16124
933632
769794
868098
409350
212743
212744
540426
507665
900887
704282
540447
278303
245543
16168
376617
311088
343856
900922
704315
507712
409409
638786
638785
147270
507719
245574
180041
704331
114507
540492
343883
999254
16224
114531
802663
704375
507773
409471
835456
671617
343938
769923
868229
704389
245639
49034
114571
638863
114577
933783
343960
540569
49055
737185
343975
376747
671666
180147
147381
933814
769976
180158
704450
49091
147404
507857
81874
573404
638942
409572
245736
933874
573433
147450
81915
311294
180224
442368
344066
835587
16386
770053
49162
966671
147472
344081
147477
311323
81947
114717
639007
835626
770092
147501
311345
770098
573491
639028
704564
770105
671811
311363
540739
180296
606286
442447
180307
999507
835668
475221
376920
409694
639073
573539
82022
114790
606314
245866
835693
409722
704647
639112
344202
213134
49295
966806
934038
180378
901281
540833
278690
311463
639144
245935
344242
49338
49341
966847
606401
737488
16595
999642
999660
114935
639224
508158
344318
803070
704774
737545
868620
901391
573713
344337
180500
213269
82205
868638
213294
409903
344376
901440
115013
49477
344389
147784
278861
999762
737619
409946
82267
278877
541026
868711
213356
606576
704884
835960
606585
639355
311676
770428
115070
442750
737665
704900
803205
377223
639368
82318
278928
508306
180626
311701
737693
344478
639391
836000
377250
934308
606640
311732
541109
967095
803271
868808
803274
901589
704983
180696
737753
213465
344542
147934
377314
115170
737768
147946
639472
475642
803326
967167
147967
115198
836104
246280
868874
868876
967181
213518
770576
49685
836125
377380
606756
344615
606760
115241
836138
672301
148014
967213
442925
541238
934456
737856
868932
279110
475720
508489
737872
246355
213588
639574
16987
901729
803426
410210
737892
442987
180844
737909
475768
541305
213632
901763
148100
82567
836244
967317
344727
639641
443042
475813
836261
49832
410282
672428
574128
377520
311989
443062
836282
737980
443068
148162
312003
934599
869070
737998
934610
770773
410326
541398
246488
410333
180958
705249
377582
738032
213752
541436
410374
410380
148243
836381
869152
574241
967461
770855
312114
17204
672565
181052
869186
738115
475971
410451
246614
312150
181080
574296
967522
115556
934759
541548
738156
541550
443250
607100
148348
803714
803719
82827
377745
508822
312216
672671
836512
82849
672675
967589
705446
279461
574377
410537
213931
934830
639922
967621
967626
803789
705487
181202
967636
508886
836566
377818
17370
574442
771054
934898
771060
574454
279546
803840
967683
181252
705541
181253
148488
312330
934925
181263
607251
934933
607258
574494
902177
607266
672801
214052
738343
902189
771119
476210
50228
345143
574520
148537
967740
541758
607300
803909
17478
803912
869454
902230
672854
443479
803930
640090
148575
705632
181346
148586
312428
771181
279667
935029
902268
148609
115854
902288
738451
935068
836778
83117
476336
738486
541890
705732
476364
640207
967891
574676
935125
804054
410839
902359
279765
83162
804060
935134
541921
181474
738533
804070
967912
115945
541931
476399
50418
476403
443639
804095
673026
312582
443664
836882
378134
312600
312609
410919
738601
116012
50476
836910
279856
836914
410930
443701
935236
705863
476494
771410
542034
869718
509273
410970
345438
345443
214375
935275
705907
509300
476547
279942
902545
116123
574882
279979
738738
771519
312771
476616
804301
411090
574938
411099
411103
738789
738790
738796
116209
148980
869878
116223
706047
181759
837130
378379
837135
17936
673301
312854
771606
607773
542238
607779
673317
476718
968239
706100
443956
378420
312887
345661
509501
312895
50755
181837
378464
411233
935524
83561
771698
607860
116340
378487
870011
706172
214653
706182
640648
804489
345741
738960
706197
804501
247447
181916
902813
18079
214690
312997
83622
804524
444078
313008
575155
345783
444094
673472
771777
870082
149188
902853
411336
804552
444106
476877
247501
411348
247515
771814
280295
247528
378598
50918
411369
640752
411376
182006
607992
771833
935675
313083
18175
18179
182028
247573
116508
411425
83752
509746
935731
608055
739133
378689
116552
804683
739149
378702
673619
935770
411484
706398
608095
313187
968548
804714
739179
83819
247661
968560
18294
411513
509822
345985
247682
640899
247688
83854
870297
116634
444315
477087
542624
673697
444322
116644
673700
673704
968619
247733
608184
247737
575416
870328
837565
903101
378813
739264
313286
51144
772043
706509
444372
83929
247771
608226
411629
870381
935922
116724
116729
51194
542715
509949
116736
804866
575490
575491
542725
608264
673807
378897
837650
411670
739353
575522
673828
903204
870440
411691
215086
903216
935989
739384
608322
772171
575566
18513
739409
608339
575574
18518
804955
575580
444509
84064
542817
510050
215144
936050
510067
444540
837758
903295
870530
444547
18563
805000
411787
673932
149647
641175
444570
149665
116897
936101
477352
608425
149678
182448
182449
968885
739509
477367
149685
772281
510140
510145
510156
84173
313552
968914
608479
772322
182511
641263
772337
444660
444661
936183
608512
182528
411908
837902
411920
903443
674067
510227
379159
903450
215328
149797
84263
870699
182575
641327
117041
149813
149817
575802
313659
149822
969023
149824
739649
477513
444750
248143
969042
510292
739670
772440
706913
84335
838006
739703
608630
248190
18818
51589
84365
117137
543124
313749
575899
838048
149921
477602
969129
838058
510379
412077
215471
739759
412080
412084
149943
477629
117182
641471
346562
772550
51657
510413
674255
84443
707037
215519
575972
117225
707054
707060
838137
707068
870917
576006
18954
543248
903698
969237
379415
18976
51746
608803
707108
444967
84520
51751
313903
936499
543283
117305
805434
248379
477759
444998
346705
117329
117334
903769
576090
674407
248426
51818
871021
838268
150141
608894
19072
641667
936584
576140
150159
248469
445078
84635
84641
19117
477873
379570
477875
248500
215733
477886
117439
117440
772803
838339
838342
248523
281291
150221
936653
51919
19154
314069
150231
871129
641754
871142
346855
445161
805610
772845
445168
281332
740084
903926
19191
412407
609021
248576
576261
543497
609037
969490
510739
215828
412443
674589
805669
641831
903977
412459
379694
183089
215857
903992
707387
150331
543549
772928
183106
772932
772939
379724
281421
772950
740187
510819
379749
346986
412522
117613
740206
412531
314228
183160
379773
412547
52103
871304
379783
379789
576398
281487
52115
838551
707479
412570
52146
740275
445365
215992
84925
641985
19397
248782
412636
773088
150498
19428
19430
904166
379882
773098
314360
871417
445449
347149
117778
85014
150555
609307
281634
543783
445480
117801
773162
511019
314412
838700
379951
838706
216125
412735
183364
150596
707675
674909
281694
838752
969825
773224
281704
543851
216173
380013
216178
248950
576633
871547
445567
314495
642176
904322
642179
445572
642180
248965
248968
969897
707754
117930
445612
281773
609454
707753
707760
216242
674997
576699
642238
281798
150728
576713
150730
576715
216268
380109
478415
281808
675025
380116
85207
871643
675035
937181
249056
85224
412909
806127
609521
445685
904439
412928
806152
347401
85258
85266
19730
380182
249110
970006
281879
380191
511272
445742
19763
314676
871735
347448
871749
183622
314699
445771
544077
249171
937300
544085
380255
478561
609635
314729
707947
740716
478573
413039
314736
183668
183669
511351
904577
314755
871813
150931
871829
413082
904604
183713
740776
904617
708013
19887
183729
183732
183733
380344
544185
19898
118203
380349
314815
609728
904644
609735
773577
314831
347601
675281
19923
85464
871899
19932
85471
576994
544227
478695
937448
347632
118256
151030
19959
52731
740865
151042
904708
118280
871950
839191
314904
151066
478749
347681
544292
282148
151080
937515
708141
118317
904750
609839
740915
839223
118328
970296
151099
839234
937542
478798
839251
216662
544342
577113
544346
216667
52834
708196
183913
708205
52851
282228
85622
806522
511612
806524
118402
708228
544389
642697
839308
315021
937626
970401
839331
52902
839336
216745
282287
52913
347831
315067
741056
446154
904912
610006
642777
282332
478943
282336
642785
380645
52967
413428
216822
970497
970501
872198
380683
610061
544526
675597
184083
151316
249621
904984
610074
773916
675619
249637
315182
773935
708400
249652
249653
642870
872247
413501
905022
577355
511822
315220
216921
511835
249691
249693
937823
642915
937834
806764
511857
479091
479094
53118
118655
118662
184199
708489
249738
282508
774028
839566
741264
610193
184210
282514
905114
282530
85925
708520
184232
53168
970674
970681
118713
708546
708547
970692
348107
53198
708575
708580
479205
839665
544755
249848
774138
970747
643067
348156
20474
774142
380930
217091
675847
741385
544782
610319
348177
53270
512025
872476
643101
577566
315422
380961
151590
610343
544811
380974
839727
86067
20533
348220
544829
577597
938047
741440
20549
872518
249928
872521
315469
839759
970838
938072
905312
938083
544868
675945
479337
970862
741488
282746
151676
708735
512128
675969
938116
53384
184457
446608
512151
774296
53401
20634
315547
413853
643231
86176
479393
643235
872612
151729
610482
250033
774331
708796
807113
774347
774349
741584
512211
217304
86232
348395
774379
970994
807162
413947
184572
282878
282880
774404
545029
184583
413962
839948
545046
86295
315673
413978
839962
774430
479520
741665
610594
577829
250151
774440
20780
774458
872764
971072
282948
545092
512336
840019
381267
282963
905555
577879
414038
151901
774493
577887
807262
119138
708969
971121
938356
414087
741775
643479
119200
381346
872866
971175
381353
446895
20914
414132
119224
938426
479679
250304
676288
709061
217541
315847
184780
283085
545232
414161
545237
119255
840155
938459
774619
381412
152046
315892
709111
676344
315899
840188
905728
872962
53765
905733
119304
86542
283154
578068
807447
545305
643610
512538
545313
676391
86571
152110
741935
840239
709169
873010
676406
709184
512577
217667
938565
610886
53832
86602
21077
184918
512598
315989
807510
512607
86624
119396
774761
381550
283247
21104
873070
578170
610943
512642
447106
840326
283273
676498
184979
610969
348829
840354
643747
217764
545447
742057
53935
512688
348852
905917
807616
938693
545482
217803
348877
611021
447187
643796
283351
807645
152296
414441
774889
185067
250604
316144
119542
414456
86777
905986
119561
873228
643857
676625
283411
54043
119583
447266
578339
21292
971565
54062
316210
873268
709428
545598
742207
447296
250690
676674
611139
971590
86856
938825
545616
185175
611160
906074
480091
709468
381787
316257
775013
742251
742252
250743
938873
283514
152443
185213
578431
119680
381829
21382
480135
611208
578440
21389
709528
381851
643996
218017
873383
21418
480170
840632
611266
86984
971729
218065
971732
119766
512983
414682
316380
54240
414689
709602
644068
381926
709607
644070
349165
21486
676851
21491
119797
54261
316418
447499
545807
873488
513041
381979
971811
480302
381999
545841
250930
382006
611386
218173
939069
21570
676930
709705
349257
742477
349261
840787
644183
316503
906335
808031
414815
54370
382061
152687
21615
250993
21617
349299
578676
906357
709751
54393
808061
283775
775296
218244
873605
677000
644232
939153
218260
873628
906397
742563
382128
447665
677047
742590
185538
709828
480453
120011
644301
939213
775376
152792
546009
513243
611551
513252
677095
906481
808186
611582
709895
742672
939290
218395
939291
447773
316704
415009
939296
742689
513322
87357
513350
742729
480588
152916
775520
447844
906608
349552
284019
611699
677240
775551
677248
972166
710024
185741
808338
415125
513433
21915
316833
578978
54690
447912
447914
841133
480685
742836
939449
153017
382402
21960
841161
349645
742870
120283
316894
808416
349665
775651
906725
841189
54760
54761
677362
972276
873972
513527
185849
873978
546301
54787
775690
120332
841229
644623
841231
808469
710167
480798
185887
841250
185893
480809
513583
808497
841271
316991
415298
611907
317002
513611
513614
317007
710226
87635
153180
251484
513630
775774
513636
448108
54894
546415
743024
874097
579186
120434
317045
743030
185976
480889
317053
743037
317057
284292
939661
22172
349858
284323
120484
743080
87720
775851
677552
251568
480949
382646
841399
841404
513726
841409
448200
186057
546511
612050
22228
775894
579297
415462
55019
972529
710389
972535
808696
55047
972551
874254
120590
55056
874260
972566
382743
448287
612128
874273
349990
907054
153390
186164
284473
350014
87876
284489
939850
186185
644947
22356
808792
382811
808796
546652
710495
710497
710498
350056
481129
218986
186220
22382
776050
382836
153469
513922
22402
513925
546694
382858
972683
546701
513934
808846
186260
186267
776092
481182
219040
448417
448419
513958
350132
87988
513972
481209
677818
186300
776129
284609
546765
88014
972753
382931
55254
382936
776155
382941
579550
841697
677859
645099
514040
677886
972799
251905
88071
120843
710669
284688
907281
317459
579605
579609
808987
415772
448541
579614
579615
514079
579613
546851
481317
22565
710697
546858
940080
22586
186427
841791
284739
88138
22607
481362
645209
972892
612448
645216
284768
55396
743525
219238
514151
448620
252015
546929
972916
579702
219256
841850
907391
22657
219266
317572
317578
415884
22670
415887
940181
120986
22683
612511
55459
350371
284837
22694
841897
88242
153788
645311
907456
940223
612546
55491
743618
874693
940230
252106
678092
645328
678098
743639
809187
612580
284902
153834
481518
841972
907519
317696
907526
55564
841998
579858
612628
284949
186647
416025
612635
416028
710941
809243
514333
612641
448802
710952
579887
55599
448818
284980
809268
973114
678207
416070
907590
579920
383317
940379
907616
55653
448875
448884
547190
186746
678270
809356
907661
55694
612755
88468
940442
383389
154014
514463
907681
645546
580013
481715
743859
383418
940476
219582
317890
776645
514503
448973
874959
317904
285135
678354
121307
350688
121322
88559
88560
350705
154100
55797
481784
514554
678397
317955
907781
678409
350730
481803
580108
285198
285200
612882
547347
973335
350744
809505
154146
809507
481829
776748
907822
875056
940593
285238
481851
776765
449087
219712
252489
809551
318032
645712
973399
973402
875100
940643
383591
285295
940665
449150
350848
678531
744076
187025
514705
383638
187033
416423
383656
350888
121520
449200
776882
842416
23220
875194
55995
907963
252606
350915
940743
580295
645836
744142
744144
514774
88792
711384
252633
645850
285404
744158
482017
613097
252650
908012
711406
56047
416494
121584
154362
187133
547583
121600
514815
940802
744194
318212
88837
383751
219921
23314
88854
23318
187161
514843
613149
678696
973608
187185
940850
777010
711474
252721
809783
645946
285498
187196
580414
908098
940870
23370
285520
482130
252758
809814
678749
875361
285538
809832
187241
449384
285552
875386
908161
56194
383877
187273
875405
875406
940941
777102
940944
154515
678805
383893
318358
744345
56219
580507
121763
973732
121765
711590
416682
220075
940972
678829
940973
318386
89010
154554
875451
89033
252879
744400
711642
875487
121825
678886
252907
416752
351216
154610
908286
875519
285700
908293
449547
777228
908306
941079
285729
416802
842787
416806
220204
351278
187447
973882
973885
187455
580677
351302
416839
220247
121944
515162
351326
875616
941153
973922
154723
515175
711784
121970
515192
351355
941182
351364
318600
875656
777363
613526
515225
122016
646307
548005
777389
711863
122043
89277
777406
613570
974022
711878
908488
875721
318667
449746
220372
679125
711893
220375
318680
711903
777443
941288
777453
515310
384240
56576
318721
351494
711948
122125
515342
941327
482575
908571
351517
253214
285985
777506
318761
318765
187698
711994
318780
974146
417096
187727
318803
253269
187734
253271
154968
154971
613725
843108
351593
744810
482668
253304
220542
679294
646534
351626
253329
384406
23958
613784
875927
875926
646557
318887
777643
23984
712113
712129
253383
646603
646606
122322
155091
417237
155095
417239
56794
941544
613865
384491
417259
318959
318966
744952
810497
581126
876038
318985
974347
712205
974351
941584
450065
319006
548391
351783
56871
56879
810544
384562
89651
679476
56884
89652
908856
974396
745026
843333
56903
187980
122450
155219
56916
777811
122454
450140
253543
745063
417390
646769
941684
745077
155254
56950
450173
777855
122500
548486
384646
188040
450185
384655
646802
777874
56981
548503
515736
843422
155295
810655
679587
876196
122533
679590
253611
646832
286385
941745
482995
908996
319173
548550
57032
220872
679627
712401
24285
515805
646879
974561
810725
24297
188144
515836
253692
843518
548610
909058
319235
417543
122633
188171
777997
679700
286489
417562
220959
188196
745254
778024
810793
417581
843571
220980
122680
483131
941885
778046
89919
941888
876352
778052
548680
974665
89939
810835
417621
122711
941912
810842
548702
286562
221026
319332
450406
941927
352106
909164
548730
745339
647035
384894
712575
712577
89989
319365
581513
581515
286607
548751
155548
941981
483230
909217
57249
384931
679845
909223
450471
909224
417705
516007
483249
745393
581553
745395
712630
614328
614332
57280
155594
24537
909275
319452
57319
221168
155632
221171
188404
876536
647161
974842
516092
122879
221186
974859
122894
581649
319505
352280
909337
319513
745496
679963
286750
942114
778279
450606
352302
778287
188462
122942
647231
974912
745537
974914
24646
745545
581725
680032
57442
680036
712811
352365
548980
680052
319607
417915
516219
712827
254078
548999
450696
483465
909453
57485
811151
647311
319632
319635
188564
319638
974998
254107
319643
188573
647330
450723
221347
155814
385190
811184
745650
975029
778423
286904
909501
188606
286914
516295
24777
90315
221392
647376
516307
254164
155861
516309
745688
811249
90354
286962
385268
254195
385271
975100
745733
549130
450826
221455
712979
319768
155932
975133
647454
712989
155936
647464
352559
155952
352563
745784
483642
57665
287045
909637
254279
450888
287057
287060
385373
713057
221539
909668
483683
57705
221553
811380
713078
549238
876922
385405
156030
90494
483712
745857
319876
876933
745862
24970
876941
352655
647573
713116
123293
909739
975275
909743
188848
614834
483766
549304
451001
680378
57788
319933
418240
647616
385475
156100
876998
287175
975307
418253
90579
254427
352733
90592
319972
418278
909805
549359
549361
745976
385532
483836
811520
123393
90628
582150
549386
156171
123405
877073
713237
123413
385557
90652
254495
811553
844326
516649
909867
385581
713262
942639
287279
221747
418355
844339
352821
582197
647737
680507
778812
123453
516674
909891
418384
25172
287318
942689
57956
877160
811624
123499
287340
647791
483955
254582
778872
975487
483970
221830
418439
942733
549519
713361
90769
320150
156313
811678
549540
942757
909992
352940
582321
352946
58041
221883
385723
418495
811717
90824
647881
90830
352978
647893
942806
123605
58072
942820
484071
418536
385771
58092
123639
189178
877308
156414
582399
877314
320260
516869
615175
25352
713485
975632
320274
746259
156445
221986
123687
156458
975659
484138
90931
287542
254783
680772
254789
385861
418635
90957
844622
287565
25423
811859
877407
877412
582504
123753
582508
746356
189301
615288
811913
156560
517020
844702
517025
615339
975788
975793
287666
746419
779192
779195
549819
385982
123842
517066
549839
910305
812007
680935
779244
713708
943086
680945
320498
517108
320502
648184
582654
386048
484354
615427
123913
549898
975885
222227
222228
189462
746520
123932
713762
844843
255022
582708
943161
189498
386115
910403
943174
615494
681032
58442
287818
123983
975953
156755
386133
681051
222300
484445
615518
91229
615516
779370
484468
124025
648314
877690
320639
812160
779395
550022
386190
648338
779413
517273
844958
779425
943266
877730
451748
615590
582822
779436
124081
58550
844987
746686
648382
255171
844998
648393
25805
582863
189651
615640
156892
58595
746726
287977
582889
156910
550130
976121
222458
681210
746746
353534
58622
320769
976135
189709
320783
779543
25886
877857
25889
58660
648492
25904
484665
419130
124220
517438
124225
386370
451906
779587
615753
517454
681294
222545
25940
910681
615774
550239
451934
877922
91491
845155
451942
779625
943469
124281
943487
779651
976262
255372
976268
451982
26002
288147
222614
124326
91563
910764
124338
189877
320954
779707
517571
845256
189899
484818
845266
812500
353751
255449
943585
484842
58868
976377
91642
353786
943615
353793
812551
615947
386572
648720
386577
812564
714269
321054
452129
878118
976424
517677
943662
26162
222771
124467
779837
157250
910914
321091
550474
484939
910925
747086
910929
222802
190035
321109
321111
353882
517723
321116
681569
386665
779881
681582
353910
845432
812665
779897
386688
517765
288390
157319
878214
288396
681617
878229
26262
91800
976543
550560
550562
419492
91813
943797
583350
124599
255679
26303
812739
812747
321228
419538
943832
222939
517853
616158
583395
911078
157431
222969
157435
583423
354050
354054
550666
354060
648976
26390
485145
845593
648987
714523
517917
812830
976669
845600
157475
878381
59190
321338
190274
419654
812871
419658
550731
59215
583506
386898
26454
845656
354139
550751
812898
616291
223079
976744
354155
386928
878454
976766
190336
550785
747398
550791
59276
92044
747407
190352
812947
944023
223146
419756
780213
583612
255938
845766
813004
616399
616402
190429
190434
452584
813037
878574
59376
813040
550902
911361
419844
223240
813064
124938
845837
288781
288782
452627
256019
256022
813079
747553
682022
780331
485420
616496
256051
944182
59457
747587
321604
780356
845891
878668
125005
747603
944215
288858
223328
551013
125039
649328
223344
911474
583799
518265
616571
321659
747645
157825
354436
157828
780436
747672
157850
518299
452766
256160
223394
551075
682147
518311
616617
878762
813232
977074
387251
452788
518325
616626
911543
583859
223418
846018
452802
944324
780486
977098
846027
944331
321748
911573
551125
223451
583903
846052
846054
878826
846063
256240
420081
944368
485622
747767
813307
289020
911615
616704
157956
26886
223496
813322
26905
420123
518434
59682
125225
747817
26924
551213
26925
813356
190770
616754
354613
583990
878912
944450
190786
158019
26949
616777
715084
584017
649554
616791
551263
944479
190828
223597
452976
125297
616816
256370
27000
190841
911740
715135
911744
977280
289157
977287
158088
878986
453006
682386
125335
354713
223647
682402
518563
485794
879013
387494
649641
780716
190901
911800
485830
682439
616904
944588
27088
649682
846293
420309
256472
584156
354792
256489
223725
879091
453114
158202
354812
59901
977408
59904
223748
27144
780809
846347
715277
748048
584209
322075
387612
453149
649759
879136
485923
715307
191021
879153
289335
944700
518717
551486
715328
289350
846410
944717
617038
911957
518741
158293
223832
879193
617051
518749
780903
780906
584301
486000
92785
158327
649853
682622
92799
846464
813702
748170
977551
60052
846488
354970
60060
354976
191152
944816
420540
518845
486079
60097
486081
912070
846535
453320
977611
355033
846556
256734
387812
289521
912122
518912
453376
944900
27400
420618
977677
387854
322324
944919
191262
387873
518956
191280
60210
682805
584503
158520
93002
60241
93018
912219
617309
781150
420704
453477
584556
93036
125806
551788
846711
60280
813943
650104
682880
846721
748418
486275
650120
27529
584592
191377
551826
977815
453528
617369
781209
158622
584607
355237
322472
682923
355243
551860
486328
420796
846781
60350
289727
125887
158656
814019
551876
256970
453584
125905
224211
256979
93144
912345
388058
420831
420832
945123
617446
814054
257001
945132
584685
879600
257008
191476
486390
158714
650239
814087
650258
879634
879636
879639
27676
93217
977954
912421
551980
584748
912431
617520
60465
453682
27699
584755
289841
551999
814144
552001
814147
93255
683083
683086
814163
453715
224342
781401
748634
650332
453725
158820
715881
584810
126061
126062
945264
93299
781438
519298
748679
388249
421019
388254
93346
453796
978084
322739
126132
847029
421048
93371
60614
683207
257234
453852
814300
355554
814310
191719
650470
421099
158965
683253
519418
421114
683265
879880
158997
814358
257306
978204
126241
388387
453924
355622
60717
27950
945456
748862
585026
486723
912709
716103
290123
748876
814418
257364
552278
257371
486748
552287
552289
814437
191849
585068
748908
191859
552313
388477
781693
486783
159105
28034
585103
421271
257436
650653
519581
224672
814497
978345
683433
617902
290222
585135
814512
683444
978356
454071
224699
847292
93630
519617
355781
552390
421322
880076
355792
552401
978388
585183
224736
781798
60904
224745
28144
28147
93687
93692
486917
126476
60941
355854
290317
159247
28179
290330
192026
224816
650800
716339
945716
93750
388664
945725
290365
650822
683591
781895
323144
880203
454221
847438
224849
126548
978521
224865
487014
28265
421482
323183
519792
28273
355958
585341
945789
28292
847496
93833
880266
552588
487052
552590
28310
945817
814747
913053
585383
388779
847536
519860
28341
683702
716476
356029
61117
28353
585411
323268
585413
61126
814790
388808
945874
913117
945892
945893
487144
650988
356078
290544
323313
552690
782066
585456
814837
93944
552697
159488
487168
388868
225029
290567
945928
421658
585500
159517
782110
454432
749348
519975
585520
192304
913203
454453
716597
61239
913208
257851
814908
28484
454470
880463
94042
716647
978793
126829
225139
651125
651126
946043
28543
946051
421764
552837
290700
356246
749464
815000
159648
323499
815030
356280
651196
585661
28607
913346
28616
520143
290769
323542
520150
356316
421855
618467
716775
520168
323568
487410
290803
913413
552967
880652
716817
356371
716823
585751
225308
749599
421921
159785
913450
684076
716845
192558
356399
487473
553010
127030
454713
847930
782403
192597
454742
847959
127066
192604
749661
815199
487527
749675
520300
585835
356462
192628
389236
323700
159867
880771
323718
225416
290958
946318
28816
356497
159890
880785
487570
979096
684185
225432
487581
946335
880807
716968
520360
880811
61615
159922
782515
159924
356531
880828
159935
815297
225473
618690
749771
585931
749776
782544
356562
291028
422102
454877
225503
782565
913640
422120
618730
717036
880877
848115
717047
61695
913665
946436
880903
848137
61706
94477
717070
782607
487697
323860
160024
454937
127259
520475
323869
454947
258341
782630
651559
422183
422186
192810
979244
553261
61741
389425
389426
815411
913718
520504
422201
192826
28984
618829
192850
192854
880990
880996
258406
913767
487797
455033
323963
520572
94592
553345
389514
487819
749964
225674
323983
356756
651674
225694
782757
782758
356774
29099
881069
520634
717244
979391
848322
291267
192966
520649
782796
553421
324047
651729
913874
848346
750042
717276
291294
258529
192994
946658
848357
913898
193004
160237
651758
979439
160241
782838
848376
455161
29179
258555
160251
553468
684547
193033
553481
946698
848400
684563
389654
782871
94749
946720
127521
258595
979491
717350
455206
324136
619056
946737
913977
881210
979516
651839
815679
291396
586310
160338
750166
193110
160344
815708
586332
291422
29280
324193
455266
619106
979556
389732
946791
94824
619119
356978
815732
914039
619135
324223
619137
356997
881289
422537
684687
127640
651941
914090
357038
750262
914105
553659
717501
291518
684742
127687
258759
553674
979658
160460
783051
94932
783062
422616
422617
94937
651993
389852
750301
389859
29415
357095
258791
29418
652011
291566
94960
717552
160499
553723
29435
979709
717566
29441
619267
946948
946951
750347
455436
291596
62223
586511
553748
553756
979743
422689
553764
357161
258864
521009
946995
127798
586552
783164
193340
29503
324417
750401
226118
389959
258890
979788
226125
914253
619343
783185
258898
848723
95063
127839
127842
553828
422757
619373
848750
783220
914292
947062
652152
783227
390011
521087
258945
29583
160656
193423
226199
881561
881568
390055
357288
390058
258990
160687
979890
947125
193465
259006
652228
684997
390093
193490
29654
783322
259040
848865
553956
259044
193511
848887
979961
127993
914428
685052
619527
914440
324618
979979
128010
324621
291850
455692
979987
259096
750621
128032
259105
848932
947238
390184
914473
816170
816171
95276
914480
652338
128052
914494
422975
455742
652362
554059
816206
128079
881742
455762
554070
128091
848998
324720
619634
95346
29814
980087
619647
914561
193666
226437
980104
455818
193677
816269
816270
62610
783513
488606
292001
357545
619695
849073
488630
652482
390352
783569
128210
390355
849108
128213
619744
324836
521447
718066
619763
455926
95479
226553
947454
947460
619781
259337
685323
521487
521490
488725
423191
521498
423196
161053
816412
488733
587045
324902
292134
488745
521518
750903
226619
849213
816448
652609
619840
456003
161092
488777
881995
587085
193870
718157
62800
390483
390486
259418
226653
816477
161121
816485
882023
587113
947562
62825
292202
292206
357742
587123
324981
652662
226678
980342
226679
914817
652676
619915
783759
816529
587159
849304
226713
652696
718237
423338
783787
554413
357806
30130
816578
30152
292307
947673
587226
30169
95709
554461
161247
423392
751073
325091
194020
488939
95724
194030
488948
325108
947708
882173
194063
783890
259604
947734
259609
587292
456222
325152
95777
488993
194087
587304
161336
63036
161342
816705
63042
751174
882250
325195
816732
456285
816735
521827
128619
882285
620149
783996
947836
63102
587397
652938
30350
358033
63122
587416
751260
30368
161441
685741
521902
980656
980662
390840
325305
685753
849595
292551
390858
30413
521938
390870
882393
915162
489180
980707
882410
325357
292594
784120
227070
259846
751378
227091
947989
30489
653087
718627
784169
685871
718640
227126
784184
358208
456515
915269
685894
653127
30538
948045
620366
522068
325461
391000
423779
882533
96102
456562
882553
96127
489343
653185
292739
980869
653190
817030
882568
849804
30610
948115
423831
161692
882589
96161
849827
292772
128934
358333
63422
554951
784331
948174
292817
686034
227282
63444
751592
784362
129004
489455
96241
948212
489460
358390
129017
587770
161785
948220
718845
194556
325635
817164
358413
555026
948244
161813
96279
260121
620572
194590
784415
96292
522281
948274
587827
522292
981048
751672
358463
325698
718915
555077
981067
260181
227418
555099
63582
161887
424033
194672
882805
882811
751739
653438
784513
718979
751758
325774
620688
882833
194706
784549
653479
915627
489654
653504
325827
686277
686279
555208
63692
293069
850131
620758
817368
817369
948448
882913
588011
260332
817393
686322
489716
784633
325885
981246
358653
456965
129286
555273
63753
588048
555281
63766
653591
31002
63774
882985
96555
358704
686388
194871
784697
293181
489789
96578
719172
227655
817482
653643
522571
358734
555343
817497
96606
653663
162143
358755
31079
784746
293227
817518
620916
817528
686458
620929
555395
981381
588166
457100
752018
784790
162200
686500
620965
555432
883114
391596
555437
948657
719282
391609
850363
96703
719297
358849
588228
293316
752072
686537
260554
227787
817623
817629
588257
653793
358883
260579
555495
915944
653801
293354
31211
981483
555497
752120
784893
784894
195073
850434
686596
195078
96775
195091
64020
195095
915991
817690
162334
391713
457250
64037
129574
555560
326185
96811
522799
850479
31285
260662
129591
752182
129600
752199
817738
522828
555600
555604
162389
653911
719448
588381
784991
293472
162405
588393
326252
359021
785008
326258
162439
948871
457354
326285
883344
522897
948880
64149
96919
719513
916127
555679
981665
981670
981675
588461
981680
752305
162482
64184
228028
391868
31422
162501
293576
96975
522963
719572
916184
817885
228062
293599
883423
457441
555749
129767
31464
64233
522988
457457
883441
850678
97015
817915
457473
293637
555782
948999
457479
523016
752394
97035
621324
817935
326417
490258
654100
424732
916253
490268
260909
293687
31544
31543
719676
981824
424771
195405
228174
293713
228178
818004
424789
31574
916315
392029
97117
916320
850785
260963
916327
621421
424826
686971
129918
97151
97169
129942
719766
818072
457624
687006
949152
818082
162729
293807
883634
392117
392120
949181
392128
64453
949189
687049
326602
97227
326607
130000
228305
326608
64473
850905
850907
719845
195560
228330
818155
261100
785390
719854
916467
490499
719884
982032
719890
850964
949268
719896
818206
195618
392227
293924
261157
326694
162854
130088
818217
785456
326707
556084
687160
785466
195649
261186
719941
359498
687179
425038
359512
752731
64604
621661
261217
556130
523364
556133
31846
490596
785512
851054
719983
687218
851059
818296
425081
457849
457863
982151
97422
457870
556177
64659
785556
359581
687263
916641
425122
294056
654504
916653
359598
720047
588976
720051
556212
785592
851130
294076
261318
949449
294100
294109
294111
982240
687327
97504
523493
654578
490741
326907
752897
687368
556300
425232
261396
916757
654613
752925
720158
130335
687391
294182
490792
949544
326964
851256
621886
785727
326975
851265
818496
392511
982348
130381
523598
982351
490830
32080
851278
490835
589147
752987
818531
884080
64883
851316
556405
64891
785790
687499
458124
818576
228760
720281
884123
163229
64929
359841
392610
327080
359851
97710
490929
196020
982459
294333
622017
458183
32201
851407
392666
916955
327132
622045
163310
884209
425457
392690
622067
261622
490999
163339
425486
687631
622098
359954
163349
753174
163350
949784
425502
949795
294438
884266
654893
425521
818737
491063
65082
654915
261703
753231
32337
654932
786007
818775
32350
425567
458349
32365
982646
523894
720509
556675
491140
458373
720518
589446
917126
753288
392846
392847
556691
851605
786070
589469
491166
589475
655013
491174
163503
65201
261809
786100
294586
130755
622283
818893
65232
687827
458454
130775
98008
261848
491234
589539
917219
524004
818915
98025
360169
130795
327405
884464
163569
950003
392952
98055
327431
589577
392969
524043
720652
884494
818960
622355
360213
720661
589594
884507
917277
851744
360226
360227
589604
229158
753447
556845
130863
163633
196401
950065
327478
687929
950077
589632
360257
65346
622409
589644
65357
655199
655200
786282
130924
425839
196465
524148
32629
589690
262013
655238
720774
556942
458650
819109
622503
393134
688047
655280
196532
163765
884661
884663
622520
458681
360385
622532
65478
458695
360395
851920
393174
851927
786394
163805
917472
491489
950243
65509
720871
360425
819179
655343
393199
884724
786421
131061
294909
196606
